0 1 1596761.0
1 2 1637845.0
2 3 1435500.0
3 4 1351239.0
4 5 1322855.0
4 1841 328017.903438695
5 6 2349014.0
6 7 1995260.0
7 8 2142706.0
8 9 2404432.0
9 10 2543415.0
10 11 2637183.0
11 12 3331333.0
12 13 4246683.0
13 14 2951880.0
14 15 2631800.0
15 16 2596300.0
16 17 1651167.0
17 18 1779829.0
17 1756 572801.799615811
18 19 3291150.0
18 1847 413206.744943897
19 20 3391900.0
20 21 3625875.0
20 1590 652476.941853356
20 1842 761790.1093970359
21 22 4017700.0
22 23 2001829.0
23 24 2651076.0
23 1105 499111.806096241
23 1309 458876.35873469204
24 25 2600193.0
25 26 2812539.0
26 27 2212708.0
27 28 2382916.0
27 1562 595290.1474274871
28 29 4639171.0
28 1458 571665.471428779
29 30 4738512.0
30 31 4662528.0
31 32 4432023.0
32 33 4647223.0
33 34 2788710.0
34 35 3287447.0
35 36 2932278.0
36 37 2739622.0
36 1096 689801.335608418
36 1845 550226.331558205
37 38 2661786.0
38 39 2642995.0
39 40 2613518.0
40 41 2734615.0
41 42 2467922.0
42 43 2408322.0
43 44 2596300.0
44 45 2596300.0
45 46 2596300.0
46 47 2596300.0
47 48 1651141.0
48 49 1651141.0
49 50 3260437.0
50 51 2596300.0
51 52 3260440.0
52 53 2596136.0
52 1082 979095.4580486759
52 1580 928170.2784344059
53 54 3260440.0
54 55 3019490.0
55 56 3101343.0
56 57 3510392.0
57 58 3053083.0
58 59 3030259.0
58 1737 707980.369364935
59 60 4168831.0
59 1846 573268.230046205
60 61 4344312.0
61 62 3727072.0
62 63 2667533.0
63 64 3411583.0
63 989 504309.54313864396
63 1070 647529.492887724
64 65 2747753.0
65 66 3226871.0
66 67 3574803.0
66 344 677446.410968093
66 731 899430.350995622
66 1844 875492.504091152
66 256 673430.331843432
67 68 3410574.0
68 69 1651180.0
69 70 2596060.0
69 524 418758.26744385104
69 1843 458581.382750275
70 71 2596060.0
71 72 2596060.0
72 73 3794006.0
73 74 2600113.0
74 75 3407808.0
74 1428 685964.837577263
74 1707 632845.240524985
75 76 3271577.0
76 77 3197631.0
77 78 3299474.0
78 79 3094674.0
79 80 3475278.0
80 81 3091590.0
81 82 3425186.0
82 83 3239617.0
83 84 3536121.0
84 85 3924037.0
85 86 3475729.0
86 87 3157109.0
87 88 3682727.0
88 89 3280797.0
89 90 2596180.0
89 1336 820988.843398179
89 1397 895173.14217959
90 91 2596180.0
91 92 2596180.0
92 93 1650924.0
93 94 1650924.0
94 95 2596180.0
95 96 2596180.0
96 97 2596180.0
97 1865 2596300.0
98 99 2596300.0
99 100 2596180.0
100 101 2596180.0
101 102 2596300.0
102 103 2596180.0
103 104 2809825.0
104 105 2474606.0
105 106 2474606.0
106 107 2474606.0
107 108 2513985.0
108 109 3191270.0
108 1337 738450.2628909609
108 1397 737834.561805707
109 110 3269749.0
110 111 3423621.0
111 112 3295925.0
112 113 3681109.0
113 114 3490554.0
114 115 3240797.0
115 116 2605973.0
116 117 2483573.0
117 118 3139390.0
118 119 3567806.0
119 120 3392982.0
120 121 3862161.0
121 122 3144923.0
122 123 2813445.0
123 124 3433966.0
123 1428 769882.574787971
123 1707 716762.977735694
124 125 2596060.0
125 126 2596060.0
126 127 1651167.0
127 128 1485411.0
128 129 3464205.0
128 525 336120.35461388103
128 658 702307.715405712
129 130 2629483.0
129 256 760532.008993438
129 344 764548.0881181
129 731 986532.0281456279
129 1844 962594.1812411591
130 131 2881228.0
130 989 554880.676323833
130 1070 698100.626072913
131 132 4349152.0
132 133 4209183.0
133 134 3257099.0
134 135 3176540.0
134 1846 603359.261453184
135 136 3770484.0
135 1737 724357.3243306
136 137 3569368.0
137 138 3274691.0
138 139 2596300.0
139 140 3260440.0
140 141 2596300.0
141 142 3260440.0
142 143 1651141.0
142 1082 979095.4580486759
142 1580 928170.2784344059
143 144 2596300.0
144 145 3260437.0
145 146 3260437.0
146 147 1651141.0
147 148 1651141.0
148 149 1651141.0
149 150 2494676.0
150 151 2747284.0
151 152 2476886.0
152 153 2607124.0
153 154 1991779.0
154 155 2658004.0
155 156 2599885.0
156 157 2652069.0
156 1096 645708.370512052
156 1845 506133.366461839
157 158 2559638.0
158 159 4364168.0
159 160 4954150.0
160 161 4430312.0
161 162 2550516.0
162 163 2802397.0
163 164 1996353.0
164 165 1891711.0
164 1458 520386.687379335
164 1562 566589.983875835
165 166 1932235.0
166 167 1837081.0
167 168 3861542.0
167 1105 477257.471577475
167 1309 437022.024215926
168 169 3752275.0
169 170 2798625.0
169 1590 755900.390275387
169 1842 865213.557819067
170 171 3669207.0
171 172 1822387.0
172 173 2462617.0
172 1847 418852.195987003
173 174 2716651.0
174 175 1934460.0
174 1756 714141.5655637609
175 176 3746256.0
176 177 3746256.0
177 178 1651141.0
178 179 2138148.0
179 180 1999927.0
180 181 2397412.0
181 182 1611831.0
182 183 1521115.0
183 184 1521965.0
183 1841 350552.483104062
184 185 1169129.0
185 186 1231279.0
186 1866 1269832.0
187 188 3222427.0
188 189 2921726.0
189 190 3551093.0
190 191 3454569.0
191 192 3355920.0
192 193 2922856.0
193 194 3258342.0
194 195 3456655.0
195 196 3215439.0
196 197 3223677.0
197 198 1740229.0
198 199 1651167.0
198 518 499814.939072181
198 659 317510.837589205
198 1724 463925.15986993
198 1848 520708.72746582795
199 200 2596060.0
200 201 2596060.0
201 202 2596060.0
202 203 2596060.0
203 204 2596300.0
204 205 2596300.0
205 206 2596300.0
206 207 2596300.0
207 208 2596300.0
208 209 2596300.0
209 210 1651141.0
210 211 1651141.0
211 212 2596060.0
212 213 2596300.0
213 214 2596300.0
214 215 2596300.0
215 216 2207182.0
216 217 2365942.0
217 218 2889469.0
218 219 2631413.0
219 220 3052900.0
219 1357 607964.360915249
219 1376 729284.35264758
220 221 2654105.0
221 222 2275341.0
222 223 3010466.0
223 224 2776968.0
224 225 2936729.0
225 226 3338360.0
226 227 2977258.0
227 228 2398867.0
228 229 2653955.0
229 230 2644832.0
230 231 2696156.0
231 232 3245684.0
232 233 3250659.0
233 234 3084146.0
234 235 3005734.0
235 236 3439187.0
236 237 3276170.0
237 238 2784514.0
238 239 3260437.0
239 240 3260437.0
240 241 2596300.0
241 242 3260437.0
242 243 2968299.0
243 244 3447661.0
244 245 2836235.0
245 246 3000445.0
246 247 2480526.0
246 1422 623607.068221429
246 1849 468038.86123020103
247 248 2510761.0
248 249 2339441.0
249 250 3827663.0
250 251 3445723.0
251 252 3450964.0
252 253 3467843.0
253 254 2361921.0
254 255 1244765.0
255 256 1624879.0
256 257 1669379.0
257 258 1689522.0
257 731 637205.6098349739
257 1844 613267.762930505
258 259 1651167.0
258 524 590700.205005557
258 1843 630523.320311981
259 260 1651167.0
260 261 2618131.0
261 262 3560398.0
262 263 1504391.0
263 264 285099.0
264 265 2474606.0
264 997 366755.485488716
264 1061 312460.021824814
265 266 2555844.0
266 267 3456917.0
267 268 4123046.0
268 269 2819616.0
269 270 3089777.0
270 271 3245844.0
271 272 2978939.0
272 273 3174917.0
273 274 3912461.0
274 275 3992305.0
275 276 3700860.0
276 277 3283186.0
277 278 3477504.0
278 279 3309177.0
279 280 3103953.0
280 281 3260440.0
281 282 3930398.0
282 283 2802492.0
283 284 2921397.0
284 285 3045219.0
285 286 3714779.0
286 287 3457571.0
287 288 3494472.0
288 289 3922388.0
289 290 3516753.0
290 291 3131320.0
291 292 3449193.0
292 293 2143968.0
293 294 1825511.0
294 295 1657412.0
295 296 2516414.0
295 1142 613987.163997381
295 1280 530893.202403095
296 297 3080013.0
297 298 2533200.0
298 299 2730870.0
299 300 2119039.0
300 301 2061016.0
301 302 1843349.0
302 1867 1735779.0
303 304 2245524.0
304 305 2136467.0
305 306 2162320.0
306 307 1545502.0
307 308 2789125.0
308 309 2481098.0
309 310 2054850.0
310 311 2061101.0
311 312 3754531.0
311 1142 667537.765203746
311 1280 584443.80360946
312 313 3464771.0
313 314 3803672.0
314 315 3769592.0
315 316 3694369.0
316 317 3278117.0
317 318 3469157.0
318 319 3180762.0
319 320 3655101.0
320 321 3094277.0
321 322 3185016.0
322 323 3391423.0
323 324 1739452.0
324 325 2472126.0
325 326 3458537.0
326 327 3531279.0
327 328 3569241.0
328 329 3301716.0
329 330 3251995.0
330 331 3439176.0
331 332 3442381.0
332 333 3043821.0
333 334 1901691.0
334 335 3618514.0
335 336 3858104.0
336 337 4169949.0
337 338 834952.0
338 339 1079372.0
339 340 3314754.0
339 997 472118.268898674
339 1061 417822.80523477204
340 341 4238299.0
341 342 4682900.0
342 343 1650924.0
342 524 987781.1052478341
342 1843 1027604.22055426
343 344 1655488.0
343 731 634757.496695247
343 1844 610819.649790777
344 345 1650924.0
345 346 1759352.0
346 347 2164899.0
347 348 2198202.0
348 349 3275340.0
349 350 3378331.0
350 351 3309118.0
351 352 2355588.0
352 353 2423058.0
353 354 2497946.0
354 355 2423602.0
355 356 2200549.0
355 1422 547087.050456063
355 1849 391518.843464835
356 357 2623110.0
357 358 2753157.0
358 359 3234418.0
359 360 2823215.0
360 361 2838385.0
361 362 3045106.0
362 363 3008209.0
363 364 3963956.0
364 365 3563222.0
365 366 3045470.0
366 367 3510759.0
367 368 3167412.0
368 369 3063635.0
369 370 3260871.0
370 371 2823046.0
371 372 2828232.0
372 373 3010853.0
373 374 3474392.0
374 375 2609191.0
375 376 3210134.0
376 377 3021322.0
377 378 4433253.0
378 379 3270588.0
379 380 3147839.0
380 381 2874826.0
381 382 3125220.0
382 383 2940240.0
383 384 3307564.0
383 1357 648931.222828152
383 1376 770251.214560483
384 385 2930179.0
385 386 2799855.0
386 387 2799698.0
387 388 2773190.0
388 389 2596300.0
389 390 3260437.0
390 391 3260437.0
391 392 2596060.0
392 393 2596300.0
393 394 2596300.0
394 395 3260440.0
395 396 1651141.0
396 397 2596300.0
397 398 4052810.0
398 399 2596300.0
399 400 2596300.0
400 401 3260437.0
401 402 2596300.0
402 403 2596300.0
403 404 3260437.0
404 405 2596300.0
405 406 2596300.0
406 407 1651141.0
407 408 1651141.0
408 409 2860981.0
408 518 432378.55482448
408 659 250074.45334150302
408 1724 396488.775622228
408 1848 453272.34321812604
409 410 3089565.0
410 411 2896950.0
411 412 3326739.0
412 413 3063930.0
413 414 2956444.0
414 415 2773744.0
415 416 3161663.0
416 417 3418170.0
417 418 3497597.0
418 419 2831913.0
419 1868 3391967.0
420 421 2507443.0
421 422 2321870.0
422 423 2422596.0
423 424 2427075.0
424 425 2105551.0
425 426 2632876.0
426 427 2096267.0
427 428 2310155.0
428 429 2105687.0
429 430 2372230.0
430 431 2097715.0
431 432 1993064.0
432 433 1914795.0
432 1715 613569.5051871879
432 1850 761677.34891832
433 434 3228886.0
434 435 3442701.0
435 436 3890015.0
436 437 3222881.0
437 438 3436319.0
438 439 3213226.0
439 440 3095626.0
440 441 3353852.0
441 442 2921921.0
442 443 2818196.0
443 444 3366472.0
444 445 3460762.0
445 446 3181547.0
446 447 3084755.0
447 448 3695463.0
448 449 2600876.0
449 450 2200104.0
450 451 2529410.0
451 452 3160438.0
451 1367 754205.387418075
451 1852 724716.0908143809
452 453 2965061.0
453 454 2826925.0
454 455 2924181.0
455 456 2912764.0
456 457 3182238.0
457 458 2791565.0
458 459 3033513.0
459 460 3323585.0
460 461 2774542.0
461 462 2616258.0
462 463 3318291.0
463 464 3340695.0
464 465 3768472.0
465 466 3583118.0
466 467 3260440.0
467 468 3244429.0
468 469 2566970.0
469 470 573081.0
470 471 568429.0
470 1564 320003.390908506
470 1851 398735.760582914
471 472 1825991.0
472 473 1983764.0
473 474 2001462.0
474 475 1760161.0
475 476 2138680.0
476 477 1910494.0
477 478 2561678.0
478 479 3746256.0
479 480 1537946.0
480 481 1603360.0
481 482 1541770.0
482 483 3746256.0
482 1781 310410.13510340004
482 1853 200164.22534346898
483 484 1549438.0
484 485 1169404.0
485 486 1808760.0
486 487 2015483.0
487 488 2066620.0
488 489 1720031.0
489 490 1754299.0
490 491 2018128.0
491 492 2027340.0
492 493 2100996.0
493 494 1589103.0
494 495 1105527.0
495 496 1624133.0
496 497 1767391.0
497 498 1545217.0
498 499 1194406.0
499 500 1177313.0
500 501 1368833.0
501 502 1207926.0
502 1842 1798266.0
503 504 2790229.0
504 505 2584381.0
505 506 1651141.0
506 507 2249607.0
507 508 2519910.0
508 509 2550433.0
509 510 2841777.0
510 511 1727430.0
511 512 1651141.0
511 583 598995.7625580811
511 598 610949.925354903
512 513 3746256.0
513 514 1797850.0
514 515 2256647.0
515 516 3074790.0
516 517 1562436.0
517 518 1380787.0
518 519 2914698.0
518 659 158592.57050882
518 1848 361790.46038544294
519 520 2830123.0
520 521 1221969.0
521 522 2777480.0
522 523 2646295.0
523 1850 2878465.0
524 525 1662509.0
525 526 2968038.0
526 527 3111205.0
527 528 3266850.0
528 529 2740226.0
529 530 2849777.0
530 531 3901747.0
530 1424 630631.308040038
530 1712 626824.895825148
531 532 3812108.0
532 533 3918100.0
533 534 4027778.0
534 535 3222850.0
535 536 3202987.0
536 537 3377247.0
537 538 4146758.0
538 539 4061688.0
539 540 4125719.0
540 541 3871973.0
541 542 3607776.0
542 543 3656305.0
543 544 4032603.0
544 545 3522421.0
545 546 3573895.0
546 547 3775302.0
547 548 3664916.0
548 549 3897717.0
549 550 3758908.0
550 551 3068360.0
551 552 3707737.0
551 1353 747419.07132205
551 1380 655820.610505237
552 553 3927410.0
553 554 3859841.0
554 555 3879719.0
555 556 3108727.0
556 557 2705655.0
557 558 3154425.0
558 559 3399773.0
559 560 2909525.0
560 561 2711112.0
561 562 3166679.0
562 563 2668324.0
563 564 2992042.0
564 565 2721240.0
565 566 3022047.0
566 567 3060854.0
567 568 3146004.0
568 569 2822844.0
569 570 2897228.0
570 571 2772860.0
571 572 3606133.0
572 573 2954991.0
573 574 2598011.0
574 575 4356929.0
575 576 3058046.0
576 577 2813655.0
577 578 2604724.0
578 579 3746256.0
579 580 5619181.0
580 581 3193616.0
581 582 5619181.0
582 583 2664244.0
583 584 2979723.0
583 1731 577230.727524996
584 585 2631031.0
585 586 2346693.0
586 587 3695249.0
586 1775 533309.783953056
587 588 3059225.0
587 1854 639694.8043516129
588 589 3320460.0
589 590 3678903.0
590 1869 2596300.0
591 592 3169410.0
592 593 3140983.0
593 594 3150524.0
594 595 3228770.0
595 596 2756893.0
595 1854 577814.9143864571
596 597 2985473.0
596 1775 587724.089556752
597 598 2755354.0
598 599 5516352.0
598 1731 589316.75235082
599 600 5531336.0
600 601 5511317.0
601 602 3746256.0
602 603 2940687.0
603 604 2801149.0
604 605 3017320.0
605 606 3097588.0
606 607 2831823.0
607 608 2720726.0
608 609 3629546.0
609 610 2377168.0
610 611 2747385.0
611 612 3149946.0
612 613 3427272.0
613 614 2207668.0
614 615 2690763.0
615 616 3127538.0
616 617 3041691.0
617 618 2772946.0
618 619 2584912.0
619 620 2771470.0
620 621 3248238.0
621 622 3437434.0
622 623 2877232.0
623 624 2767155.0
624 625 3223142.0
625 626 3395870.0
626 627 4682900.0
627 628 3675302.0
628 629 3789234.0
629 630 4250258.0
630 631 3758794.0
631 632 2610323.0
632 633 3573029.0
632 1353 686659.03890908
632 1380 595060.578092267
633 634 3509325.0
634 635 4045515.0
635 636 3458422.0
636 637 3543508.0
637 638 3197603.0
638 639 3002910.0
639 640 3071878.0
640 641 3773715.0
641 642 3227702.0
642 643 2971571.0
643 644 3016146.0
644 645 3513983.0
645 646 2871557.0
646 647 2913475.0
647 648 2772047.0
648 649 3327562.0
649 650 3637212.0
650 651 3239562.0
651 652 3679549.0
652 653 3712927.0
653 654 2799525.0
653 1424 745130.839687601
654 655 3350130.0
654 1712 620158.811755921
655 656 3397330.0
656 657 3011959.0
657 658 3787032.0
658 1843 2428262.0
659 660 1400930.0
659 1724 97856.75093668199
660 661 1248447.0
661 1854 1227423.0
662 663 3145267.0
663 664 3464346.0
664 665 3199210.0
665 666 2934021.0
666 667 3171817.0
667 668 3855964.0
668 669 3747988.0
669 670 3690378.0
670 671 3985456.0
671 672 2160824.0
672 673 4133443.0
672 1324 723999.70054082
672 1409 689889.334749287
673 674 3501937.0
674 675 3497779.0
675 676 3688350.0
676 677 3217093.0
677 678 2796074.0
678 679 3342995.0
679 680 2726969.0
680 681 3172957.0
681 682 3476010.0
682 683 3223046.0
683 684 1859457.0
684 685 3200349.0
684 1448 579952.725052899
684 1687 471406.455561545
685 686 3197389.0
686 687 2784093.0
687 688 2830046.0
688 689 2992557.0
689 690 2642005.0
690 691 2547688.0
691 692 2265262.0
692 693 2673094.0
693 694 2634395.0
694 695 2692691.0
695 696 1385405.0
696 1036 675568.254258633
696 1855 871567.0
697 698 2247546.0
697 1021 426311.26289388206
697 1036 635682.780496099
697 1178 655705.887029142
697 1244 591963.603901172
698 699 2560802.0
699 700 2927064.0
700 701 3068228.0
701 702 2874275.0
702 703 3005739.0
703 704 3062272.0
704 705 2323438.0
705 706 2517914.0
706 707 3157498.0
707 708 3346629.0
708 709 2063949.0
709 710 2596300.0
709 1448 607079.224764043
709 1687 498532.955272689
710 711 3536301.0
711 712 3562582.0
712 713 3725407.0
713 714 3730303.0
714 715 3362513.0
715 716 3277818.0
716 717 3571367.0
717 718 3454420.0
718 719 3246044.0
719 720 3738309.0
720 721 3121591.0
721 722 2172905.0
721 1324 907067.014808815
721 1409 872956.6490172821
722 723 3664098.0
723 724 4450921.0
724 725 3592826.0
725 726 3940420.0
726 727 3265906.0
727 728 2990672.0
728 729 2948102.0
729 730 2928790.0
730 1870 2569886.0
731 732 3211207.0
732 733 4105045.0
733 734 4007124.0
733 992 972169.08882807
733 1065 1220569.69957296
734 735 3741653.0
735 736 3377153.0
736 737 3163033.0
737 738 2844808.0
738 739 2746252.0
739 740 2902061.0
740 741 2633488.0
741 742 2586864.0
742 743 2573940.0
743 744 2758328.0
744 745 2383282.0
745 746 2674268.0
746 747 2892926.0
747 748 2949238.0
748 749 3635658.0
749 750 3667119.0
750 751 3659450.0
751 752 4615119.0
752 753 4061136.0
753 754 3839971.0
754 755 3811497.0
755 756 3654398.0
756 757 3880019.0
757 758 3431729.0
758 759 3598717.0
758 1856 951403.081223985
759 760 2399315.0
759 1073 868657.9512676421
760 761 3417948.0
760 1750 697998.0788389511
760 1857 686917.8780483811
761 762 4011632.0
762 763 3678826.0
763 764 4036480.0
764 765 3800159.0
765 766 3925501.0
766 767 4135803.0
767 768 4604191.0
768 769 4389061.0
769 770 3040307.0
770 771 4742333.0
771 772 5234430.0
771 1120 1157407.52571064
771 1299 1210925.98847362
772 773 4347000.0
773 774 4132345.0
774 775 4387771.0
775 776 4007072.0
776 777 3794690.0
777 778 3500325.0
778 779 4108650.0
779 780 4164533.0
780 781 3715971.0
781 782 3369395.0
782 783 3038385.0
783 784 2812261.0
784 785 2494787.0
785 786 2899622.0
786 787 2874071.0
787 788 2650420.0
788 789 2827659.0
789 790 2743237.0
790 791 2802075.0
791 792 2864011.0
792 793 2795274.0
793 794 2616748.0
794 795 2737170.0
795 796 2442048.0
796 797 2444196.0
797 798 2168710.0
798 799 2372409.0
799 800 2658546.0
800 801 2664087.0
801 802 2598279.0
802 803 2949900.0
803 804 2426783.0
804 805 2270523.0
805 806 2515140.0
806 807 2317682.0
807 808 2305919.0
808 809 2804820.0
809 810 2533394.0
810 811 2109920.0
811 812 1483166.0
812 813 2022681.0
813 814 2231576.0
813 1792 460046.232098163
813 1858 471069.35835447104
814 815 2474408.0
815 816 2042735.0
816 817 2358105.0
817 818 2240106.0
818 819 1795978.0
819 820 3468237.0
820 821 1746922.0
821 822 1864328.0
822 823 2032065.0
823 1871 1714469.0
824 825 1896964.0
825 826 2050379.0
826 827 1818852.0
827 828 1779155.0
828 829 2012136.0
829 830 2038007.0
830 831 1840846.0
831 832 2023224.0
832 833 2336727.0
833 834 1715961.0
834 835 2370101.0
835 836 2243705.0
836 837 2041751.0
837 838 2839323.0
837 1792 462575.92690036295
837 1858 473599.053156671
838 839 2107085.0
839 840 2689839.0
840 841 2314253.0
841 842 2402789.0
842 843 2499669.0
843 844 2313035.0
844 845 2491637.0
845 846 2651383.0
846 847 2724120.0
847 848 2472003.0
848 849 2587512.0
849 850 2949405.0
850 851 3019685.0
851 852 2934052.0
852 853 2987330.0
853 854 3069529.0
854 855 3094477.0
855 856 3184677.0
856 857 3556420.0
857 858 3639146.0
858 859 3604859.0
859 860 4446392.0
860 861 4057133.0
861 862 3686182.0
862 863 4039504.0
863 864 4430710.0
864 865 3962720.0
865 866 4581798.0
866 867 4526425.0
867 868 4121643.0
868 869 4813202.0
869 870 3065667.0
870 871 4348426.0
871 872 2946405.0
871 1120 1105154.53722347
871 1299 1158672.99998645
872 873 4252043.0
873 874 3766338.0
874 875 4408679.0
875 876 3940136.0
876 877 4339964.0
877 878 4066057.0
878 879 4774260.0
879 880 3946834.0
880 881 3773378.0
881 882 1819824.0
881 1750 991508.976748025
881 1857 980428.775957455
882 883 1767833.0
883 884 3908640.0
883 1073 458929.743117292
884 885 3638686.0
884 1856 1014666.80842965
885 886 3441253.0
886 887 3570802.0
887 888 3772159.0
888 889 3847295.0
889 890 4432192.0
890 891 5088119.0
891 892 4144515.0
892 893 2868975.0
893 894 3039064.0
894 895 2461637.0
895 896 3646737.0
896 897 3655733.0
897 898 3134436.0
898 899 3070054.0
899 900 3281292.0
900 901 3318165.0
901 902 3608563.0
902 903 3411466.0
903 904 3633801.0
904 905 3913082.0
905 906 3806120.0
906 907 3813768.0
907 908 3834735.0
908 909 2904134.0
908 992 936311.6267419291
908 1065 1184712.23748682
909 1844 2831711.0
910 911 1650924.0
911 912 1651141.0
912 913 1722179.0
913 914 1756766.0
913 1160 695925.340887356
913 1262 594029.763504531
914 915 2930789.0
915 916 3851723.0
916 917 3640012.0
917 918 3526717.0
918 919 3626490.0
919 920 3586305.0
920 921 3103624.0
921 922 2203348.0
922 923 2730035.0
923 924 2000920.0
923 1011 760050.216168037
923 1045 741647.549440382
924 925 2776912.0
925 926 3168219.0
926 927 2679552.0
927 928 2989635.0
928 929 2508382.0
929 930 2237879.0
930 931 1961493.0
931 932 2653222.0
932 933 2099735.0
933 934 3031338.0
934 935 3162628.0
935 936 2400533.0
936 937 2140471.0
937 938 2013441.0
938 939 1160137.0
938 1441 577532.311036534
938 1693 550119.609039198
939 940 2921781.0
940 941 2746783.0
941 942 3148776.0
942 943 2844034.0
943 944 2799313.0
944 945 2749781.0
945 946 2972726.0
946 947 2658451.0
947 1859 954266.0
948 949 2797401.0
948 1333 762134.241470407
948 1400 791839.37165769
949 950 1666793.0
950 951 2560827.0
951 952 2458949.0
952 953 2959610.0
953 954 2639310.0
954 955 2756081.0
955 956 2248191.0
956 957 2809825.0
957 958 1650924.0
958 959 1650924.0
959 960 3708261.0
959 1441 529443.303663215
959 1693 502030.60166588
960 961 2693821.0
961 962 2500043.0
962 963 2456072.0
963 964 1891938.0
964 965 2569743.0
965 966 2506399.0
966 967 2913409.0
967 968 3038795.0
968 969 2006629.0
969 970 1913407.0
970 971 1955603.0
971 972 1695190.0
971 1045 583298.152370497
972 973 3154677.0
972 1011 567156.224838826
973 974 3282460.0
974 975 3493610.0
975 976 3187824.0
976 977 2695241.0
977 978 2804648.0
978 979 1695110.0
979 980 2490658.0
980 981 1726935.0
981 982 1616732.0
982 983 1023513.0
982 1262 580041.891044772
983 984 936598.0
983 1160 603245.123337594
984 985 2809825.0
985 1872 1650924.0
986 987 1281240.0
987 988 1669655.0
988 989 1325317.0
989 990 2562414.0
990 991 2042923.0
991 992 2589986.0
992 993 2339202.0
993 994 3838728.0
994 995 2352648.0
995 996 4029159.0
996 997 2685647.0
997 998 2979207.0
998 999 4196825.0
999 1000 4103515.0
1000 1001 2828902.0
1001 1002 3819300.0
1002 1003 3394917.0
1003 1004 3630116.0
1004 1005 3576076.0
1005 1006 3739815.0
1006 1007 3823479.0
1007 1008 4082489.0
1008 1009 5011705.0
1009 1010 3957302.0
1010 1011 2454171.0
1011 1012 2510161.0
1012 1013 2031968.0
1013 1014 2965249.0
1014 1015 1937074.0
1015 1016 3260437.0
1016 1017 2266401.0
1017 1018 3352877.0
1018 1019 3425445.0
1019 1020 2825586.0
1020 1021 1997899.0
1021 1022 1460835.0
1021 1855 411564.451182236
1022 1023 2331862.0
1023 1024 3307082.0
1023 1179 654557.839328698
1023 1244 757399.5419220141
1024 1860 3237903.0
1025 1026 3130792.0
1025 1828 228003.534381336
1025 1861 213093.30432721603
1026 1027 1212072.0
1027 1028 1353353.0
1028 1029 1718281.0
1029 1030 2120844.0
1030 1031 3194667.0
1031 1032 2633501.0
1032 1033 2593562.0
1033 1034 2809825.0
1034 1035 2596136.0
1034 1179 717961.117605781
1034 1244 820802.820199097
1035 1036 3260440.0
1036 1037 3145377.0
1037 1038 3200890.0
1038 1039 3552895.0
1039 1040 2846310.0
1040 1041 2846310.0
1041 1042 3260437.0
1042 1043 3260440.0
1043 1044 4682900.0
1044 1045 2313913.0
1045 1046 2215659.0
1046 1047 2444460.0
1047 1048 3730616.0
1048 1049 3996567.0
1049 1050 3498386.0
1050 1051 3568796.0
1051 1052 3396348.0
1052 1053 3336928.0
1053 1054 3199553.0
1054 1055 3586282.0
1055 1056 2891194.0
1056 1057 3398019.0
1057 1058 3157844.0
1058 1059 3929424.0
1059 1060 2590338.0
1060 1061 2271828.0
1061 1062 2274195.0
1062 1063 3800870.0
1063 1064 3048840.0
1064 1065 3816784.0
1065 1066 2426591.0
1066 1067 3029817.0
1067 1068 3125726.0
1068 1069 3561305.0
1069 1070 2416884.0
1070 1071 1619185.0
1071 1072 1147361.0
1072 1873 1061724.0
1073 1074 2733729.0
1073 1750 630313.023486597
1073 1857 619232.822696027
1074 1075 2688303.0
1075 1076 2632829.0
1076 1077 2796076.0
1077 1078 2430670.0
1078 1079 2814652.0
1079 1080 3084613.0
1080 1081 3024200.0
1081 1082 3163490.0
1082 1083 2255253.0
1083 1084 2539250.0
1084 1085 3042824.0
1085 1086 2684212.0
1086 1087 3078006.0
1087 1088 2467927.0
1088 1089 1732007.0
1089 1090 2310433.0
1089 1745 486103.094541125
1089 1784 445294.146514612
1090 1091 3116306.0
1091 1092 2932412.0
1092 1093 2704114.0
1093 1094 2365660.0
1094 1095 2399721.0
1095 1851 2819621.0
1096 1097 1835816.0
1097 1098 1651882.0
1098 1099 2063246.0
1099 1100 1972557.0
1100 1101 2463242.0
1101 1102 2267337.0
1102 1103 2641589.0
1103 1857 2655056.0
1104 1105 1958749.0
1105 1106 1749653.0
1106 1107 2514371.0
1107 1108 3297766.0
1107 1461 1306670.87231368
1107 1558 893640.538768492
1108 1109 3373449.0
1109 1110 3485195.0
1110 1111 2672023.0
1111 1112 2735574.0
1112 1113 2941499.0
1113 1114 2621477.0
1114 1115 2423020.0
1115 1116 2472631.0
1116 1117 2511797.0
1117 1118 2854958.0
1118 1119 2593767.0
1119 1120 2600373.0
1120 1121 3608265.0
1121 1122 3613610.0
1122 1123 5090610.0
1123 1124 3925255.0
1124 1125 3652254.0
1125 1126 3424429.0
1126 1127 3657397.0
1127 1128 4182174.0
1128 1129 3621026.0
1129 1130 3369629.0
1130 1131 3360936.0
1131 1132 3695372.0
1132 1133 3216148.0
1133 1134 4380083.0
1134 1135 3340834.0
1135 1136 4415453.0
1136 1137 3913194.0
1137 1138 3677194.0
1138 1139 4234322.0
1139 1140 3469825.0
1140 1141 3746256.0
1141 1142 2849293.0
1142 1143 3066912.0
1143 1144 4220619.0
1144 1145 4177496.0
1145 1146 4414909.0
1146 1147 3803473.0
1147 1148 3576064.0
1148 1149 3968979.0
1149 1150 5344009.0
1150 1151 5118511.0
1150 1836 795642.7043214879
1150 1862 797934.4764823059
1151 1152 4955114.0
1152 1153 3726172.0
1153 1154 3416881.0
1154 1155 3548184.0
1155 1156 4172348.0
1156 1157 3373785.0
1157 1158 2610490.0
1158 1159 2508568.0
1159 1160 3075105.0
1160 1161 3041239.0
1161 1162 2597134.0
1162 1163 2854543.0
1163 1164 3407708.0
1164 1165 4246084.0
1165 1166 3298111.0
1166 1167 3146352.0
1167 1168 3281545.0
1168 1169 3077743.0
1169 1170 2840168.0
1170 1171 2616345.0
1171 1172 2966726.0
1172 1173 3441049.0
1173 1174 2960785.0
1174 1175 2595501.0
1175 1176 3019994.0
1176 1177 2588046.0
1177 1178 3746256.0
1178 1179 2809825.0
1178 1855 643489.444118272
1179 1180 3260440.0
1180 1181 2596060.0
1181 1182 3300943.0
1182 1183 3134871.0
1183 1184 3671219.0
1184 1185 3329744.0
1185 1186 3246521.0
1186 1187 3882712.0
1187 1188 3627336.0
1188 1189 6554669.0
1189 1190 4107029.0
1190 1191 3961958.0
1191 1192 3746074.0
1192 1193 2758762.0
1193 1194 3006945.0
1193 1452 578655.528692483
1193 1683 579349.8699230921
1194 1195 4176552.0
1195 1196 3755187.0
1196 1197 3137110.0
1197 1198 3872473.0
1198 1199 3060641.0
1199 1200 3873899.0
1200 1201 3209518.0
1201 1202 4682900.0
1202 1203 3441489.0
1203 1204 3232990.0
1204 1205 3674324.0
1205 1206 3750805.0
1206 1207 3225149.0
1207 1208 3257376.0
1208 1209 3429368.0
1209 1210 3520973.0
1210 1211 3274391.0
1211 1874 2981525.0
1212 1213 3494405.0
1213 1214 3433556.0
1214 1215 3634635.0
1215 1216 3558094.0
1216 1217 3130177.0
1217 1218 3702709.0
1218 1219 3767616.0
1219 1220 3174139.0
1220 1221 3816002.0
1221 1222 3534685.0
1222 1223 3520690.0
1223 1224 3389284.0
1224 1225 4289733.0
1225 1226 4019239.0
1226 1227 3949693.0
1227 1228 4186468.0
1228 1229 4542772.0
1229 1230 3498720.0
1230 1231 2773821.0
1231 1232 3054843.0
1231 1452 580653.15187163
1231 1683 581347.493102239
1232 1233 4113202.0
1233 1234 3761175.0
1234 1235 4440722.0
1235 1236 3296450.0
1236 1237 3746256.0
1237 1238 4079584.0
1238 1239 4258327.0
1239 1240 3513080.0
1240 1241 3864170.0
1241 1242 4682900.0
1242 1243 3260440.0
1243 1244 3260437.0
1244 1245 3260440.0
1245 1246 2894394.0
1245 1855 634663.0249803379
1246 1247 3300259.0
1247 1248 3008778.0
1248 1249 3171044.0
1249 1250 3269653.0
1250 1251 2940961.0
1251 1252 3364635.0
1252 1253 3196748.0
1253 1254 3272603.0
1254 1255 3653095.0
1255 1256 3826814.0
1256 1257 3868325.0
1257 1258 4441309.0
1258 1259 3079387.0
1259 1260 2822261.0
1260 1261 3023143.0
1261 1262 2631704.0
1262 1263 3374532.0
1263 1264 3663763.0
1264 1265 3651903.0
1265 1266 3726746.0
1266 1267 3241726.0
1267 1268 3063500.0
1268 1269 3305733.0
1269 1270 3731638.0
1270 1271 3149180.0
1271 1272 3034115.0
1272 1273 3849790.0
1272 1836 489228.08211733104
1272 1862 491519.85427814897
1273 1274 3980004.0
1274 1275 4474676.0
1275 1276 4331976.0
1276 1277 4402942.0
1277 1278 3594287.0
1278 1279 2216888.0
1279 1280 2215983.0
1280 1281 4048297.0
1281 1282 4294970.0
1282 1283 3995097.0
1283 1284 5403841.0
1284 1285 3461919.0
1285 1286 4018365.0
1286 1287 3489444.0
1287 1288 3640911.0
1288 1289 3914211.0
1289 1290 3817994.0
1290 1291 4196931.0
1291 1292 4693460.0
1292 1293 4737727.0
1293 1294 3991620.0
1294 1295 4007627.0
1295 1296 4951188.0
1296 1297 4458278.0
1297 1298 4406220.0
1298 1299 3008270.0
1299 1300 2930581.0
1300 1301 3104639.0
1301 1302 2715759.0
1302 1303 2801639.0
1303 1304 2838971.0
1304 1305 2867837.0
1305 1306 2732460.0
1306 1307 3454809.0
1307 1308 3412536.0
1308 1309 1652090.0
1308 1461 1425815.2525978
1308 1558 1012784.91905261
1309 1875 2217485.0
1310 1311 2717907.0
1311 1312 3038847.0
1312 1313 2692589.0
1313 1314 2327518.0
1314 1315 2912395.0
1315 1316 3364917.0
1316 1317 2953354.0
1317 1318 3096640.0
1318 1319 3486198.0
1319 1320 2799122.0
1320 1321 3109274.0
1321 1322 3593440.0
1322 1323 2447778.0
1323 1324 3178801.0
1324 1325 2904915.0
1325 1326 4408781.0
1326 1327 3970786.0
1327 1328 3864850.0
1328 1329 3835117.0
1329 1330 3179804.0
1330 1331 3863297.0
1331 1332 3197630.0
1332 1333 2593183.0
1333 1334 2964659.0
1333 1859 457662.532561606
1334 1335 3805417.0
1335 1336 2694992.0
1336 1337 2931881.0
1337 1338 3859629.0
1338 1339 3200474.0
1339 1340 3276586.0
1340 1341 2507875.0
1341 1342 3220769.0
1342 1343 3152284.0
1343 1344 3174630.0
1344 1345 3172078.0
1345 1346 2676474.0
1346 1347 3178784.0
1347 1348 3798434.0
1348 1349 3308287.0
1349 1350 3260437.0
1350 1351 2596300.0
1351 1352 2596060.0
1352 1353 2349052.0
1353 1354 3360543.0
1354 1355 3094626.0
1355 1356 2668573.0
1356 1357 1727949.0
1357 1358 3116657.0
1358 1359 2850660.0
1359 1360 2998196.0
1360 1361 2503570.0
1361 1362 2269413.0
1362 1363 2177915.0
1363 1364 2145446.0
1364 1365 2415221.0
1365 1366 2389498.0
1366 1852 2387706.0
1367 1368 2632599.0
1367 1646 765041.9542694179
1368 1369 2334794.0
1369 1370 2335876.0
1370 1371 2949737.0
1371 1372 2821274.0
1372 1373 3427274.0
1373 1374 2933498.0
1374 1375 3358908.0
1375 1376 2652603.0
1376 1377 9167969.0
1377 1378 6849118.0
1378 1379 3746256.0
1379 1380 1650924.0
1380 1381 3260437.0
1381 1382 3260437.0
1382 1383 2353966.0
1383 1384 3114111.0
1384 1385 3350879.0
1385 1386 2845302.0
1386 1387 2911302.0
1387 1388 2897492.0
1388 1389 3051963.0
1389 1390 4027730.0
1390 1391 2969175.0
1391 1392 2531591.0
1392 1393 2292698.0
1393 1394 2887105.0
1394 1395 2964187.0
1395 1396 3225656.0
1396 1397 3260396.0
1397 1398 1651141.0
1398 1399 3813815.0
1399 1400 2819584.0
1400 1401 2358041.0
1400 1859 487695.329253421
1401 1402 2663164.0
1402 1403 3793637.0
1403 1404 3751840.0
1404 1405 4059896.0
1405 1406 3980088.0
1406 1407 4033846.0
1407 1408 3846647.0
1408 1409 2918825.0
1409 1410 4929835.0
1410 1411 2918595.0
1411 1412 3075516.0
1412 1413 2818307.0
1413 1414 2509063.0
1414 1415 3052394.0
1415 1416 3180896.0
1416 1417 2584299.0
1417 1418 2806610.0
1418 1419 2905243.0
1419 1420 2983782.0
1420 1421 2628307.0
1421 1876 3063071.0
1422 1423 1553322.0
1423 1424 1679935.0
1424 1425 3236574.0
1425 1426 2592779.0
1426 1427 2666280.0
1427 1428 2777987.0
1428 1429 3603984.0
1429 1430 3572346.0
1430 1431 3043479.0
1431 1432 2956439.0
1432 1433 3323535.0
1433 1434 1993484.0
1434 1435 4119363.0
1435 1436 2824425.0
1436 1437 3615874.0
1437 1438 3250415.0
1438 1439 3256468.0
1439 1440 3714361.0
1440 1441 2211492.0
1441 1442 2403446.0
1442 1443 2542573.0
1443 1444 3708625.0
1444 1445 4019065.0
1445 1446 4058549.0
1446 1447 3675492.0
1447 1448 2385622.0
1448 1449 3357320.0
1449 1450 2939167.0
1450 1451 2642966.0
1451 1452 1799718.0
1452 1453 2444764.0
1453 1454 1875779.0
1454 1455 2102338.0
1455 1877 767543.0
1456 1457 3511961.0
1457 1458 1702531.0
1458 1459 5318920.0
1459 1460 3630712.0
1460 1461 5324123.0
1461 1462 2390968.0
1462 1463 3364032.0
1463 1464 3214377.0
1464 1465 3089972.0
1465 1466 2473270.0
1466 1467 3238744.0
1467 1468 3167538.0
1468 1469 3178053.0
1469 1470 2700083.0
1470 1471 2848548.0
1471 1472 2284149.0
1472 1473 2545955.0
1473 1474 2177439.0
1474 1475 2153457.0
1475 1476 1933377.0
1476 1477 2063905.0
1477 1478 1687001.0
1478 1479 1954998.0
1479 1480 2389983.0
1480 1481 1897686.0
1481 1482 2066393.0
1482 1483 1910743.0
1483 1484 2050935.0
1484 1485 1821480.0
1485 1486 1745310.0
1486 1487 1704463.0
1487 1488 1953528.0
1488 1489 1831774.0
1489 1490 1924700.0
1490 1491 1882832.0
1491 1492 1731877.0
1492 1493 1629005.0
1493 1494 1891226.0
1494 1495 1400071.0
1495 1496 1687839.0
1496 1497 1601891.0
1497 1498 1618199.0
1498 1499 1706740.0
1499 1500 1635724.0
1500 1501 1742903.0
1501 1502 1891977.0
1502 1503 1498186.0
1503 1504 1690598.0
1504 1505 914584.0
1505 1506 1044226.0
1506 1507 1250907.0
1507 1508 1236815.0
1508 1509 1243358.0
1509 1510 1113954.0
1510 1863 869121.0
1511 1512 1156646.0
1511 1809 106090.26082147
1511 1864 123357.73474352699
1512 1513 1283618.0
1513 1514 1291792.0
1514 1515 1370364.0
1515 1516 901452.0
1516 1517 1272405.0
1517 1518 1286112.0
1518 1519 1772359.0
1519 1520 1727977.0
1520 1521 1689364.0
1521 1522 1610367.0
1522 1523 1925993.0
1523 1524 1819158.0
1524 1525 1592303.0
1525 1526 1813776.0
1526 1527 1741165.0
1527 1528 1839563.0
1528 1529 1600678.0
1529 1530 1833911.0
1530 1531 1951110.0
1531 1532 1879741.0
1532 1533 1745726.0
1533 1534 1713203.0
1534 1535 1931654.0
1535 1536 1757961.0
1536 1537 2018741.0
1537 1538 1810820.0
1538 1539 2076888.0
1539 1540 1675212.0
1540 1541 2618787.0
1541 1542 2630723.0
1542 1543 1791397.0
1543 1544 3137250.0
1544 1545 1886691.0
1545 1546 2138380.0
1546 1547 2420766.0
1547 1548 2783181.0
1548 1549 2340447.0
1549 1550 2894394.0
1550 1551 2779207.0
1551 1552 3180381.0
1552 1553 3178222.0
1553 1554 3309676.0
1554 1555 2777901.0
1555 1556 3310647.0
1556 1557 3704295.0
1557 1558 2842581.0
1558 1559 3231935.0
1559 1560 2132139.0
1560 1561 5182304.0
1561 1562 1721467.0
1562 1563 3444524.0
1563 1878 4682900.0
1564 1565 2724200.0
1564 1624 508789.08095467294
1565 1566 2340220.0
1566 1567 2364619.0
1567 1568 3043187.0
1568 1569 3351293.0
1569 1570 2395924.0
1570 1571 2061258.0
1571 1572 2356785.0
1571 1744 521237.633095524
1571 1785 514109.351780756
1572 1573 3297822.0
1573 1574 3414333.0
1574 1575 3043811.0
1575 1576 2740556.0
1576 1577 3116604.0
1577 1578 3216518.0
1578 1579 2424287.0
1579 1580 2775358.0
1580 1581 2623559.0
1581 1582 2764665.0
1582 1583 2645944.0
1583 1584 2784407.0
1584 1585 2547179.0
1585 1586 3011423.0
1586 1587 2796886.0
1587 1588 2844520.0
1588 1589 2913770.0
1589 1856 2779251.0
1590 1591 1296587.0
1591 1592 1217509.0
1592 1593 1211230.0
1593 1594 1223011.0
1594 1595 1483587.0
1595 1596 1530160.0
1596 1597 2269418.0
1597 1598 1558982.0
1598 1599 3505913.0
1599 1600 2032145.0
1600 1601 2120486.0
1601 1602 2086515.0
1602 1603 2081589.0
1603 1604 1850775.0
1604 1605 1819832.0
1605 1606 1963147.0
1606 1607 1932889.0
1607 1608 1954907.0
1608 1609 2383153.0
1609 1610 1791820.0
1610 1611 2474197.0
1611 1612 1784930.0
1612 1613 3746256.0
1613 1614 3746256.0
1613 1781 602842.058319077
1613 1853 492596.14855914604
1614 1615 1740965.0
1615 1616 1852783.0
1616 1617 1750628.0
1617 1618 1870563.0
1618 1619 715665.0
1619 1620 834895.0
1620 1621 1004545.0
1621 1622 3746256.0
1622 1623 2809825.0
1623 1624 1051593.0
1624 1625 2093955.0
1624 1851 573449.033436659
1625 1626 2830325.0
1626 1627 3260440.0
1627 1628 2592769.0
1628 1629 3548857.0
1629 1630 3652842.0
1630 1631 3398377.0
1631 1632 3130787.0
1632 1633 1651141.0
1633 1634 1651141.0
1634 1635 3054981.0
1635 1636 2984893.0
1636 1637 2859118.0
1637 1638 2865312.0
1638 1639 2940409.0
1639 1640 3177342.0
1640 1641 2879538.0
1641 1642 2960780.0
1642 1643 2896023.0
1643 1644 2869085.0
1644 1645 2514585.0
1645 1646 2611086.0
1646 1647 2183988.0
1646 1852 735550.666203185
1647 1648 931368.0
1648 1649 3995923.0
1649 1650 4165054.0
1650 1651 3749105.0
1651 1652 3438865.0
1652 1653 3675814.0
1653 1654 3028292.0
1654 1655 3483743.0
1655 1656 3238738.0
1656 1657 3364881.0
1657 1658 3400341.0
1658 1659 3677659.0
1659 1660 3323174.0
1660 1661 2959102.0
1661 1662 3468547.0
1662 1663 3355569.0
1663 1664 2916866.0
1664 1665 1991387.0
1665 1666 2161831.0
1666 1667 2064234.0
1667 1668 2145749.0
1667 1715 623010.427005362
1667 1850 771118.270736495
1668 1669 2431301.0
1669 1670 2220133.0
1670 1671 2290916.0
1671 1672 2111543.0
1672 1673 2359902.0
1673 1674 2046507.0
1674 1675 2173965.0
1675 1676 2187160.0
1676 1677 2159665.0
1677 1678 2145286.0
1678 1879 1933043.0
1679 1680 2673218.0
1680 1681 1967465.0
1681 1682 2484830.0
1682 1683 1805010.0
1683 1684 2906022.0
1684 1685 2884758.0
1685 1686 3462328.0
1686 1687 1891532.0
1687 1688 2639651.0
1688 1689 3615059.0
1689 1690 2424421.0
1690 1691 2255213.0
1691 1692 1943964.0
1692 1693 2002563.0
1693 1694 2331354.0
1694 1695 3235198.0
1695 1696 3228596.0
1696 1697 3101547.0
1697 1698 3671782.0
1698 1699 2921253.0
1699 1700 2740843.0
1700 1701 2807025.0
1701 1702 3174309.0
1702 1703 3009818.0
1703 1704 3348890.0
1704 1705 3235668.0
1705 1706 3393352.0
1706 1707 2373130.0
1707 1708 2779533.0
1708 1709 4682900.0
1709 1710 4235843.0
1710 1711 2502517.0
1711 1712 1650924.0
1712 1713 3746256.0
1713 1714 1072364.0
1714 1849 621596.0
1715 1716 2463703.0
1716 1717 2641918.0
1717 1718 2324209.0
1718 1719 2557533.0
1719 1720 3131987.0
1720 1721 2519130.0
1721 1722 2899793.0
1722 1723 2978846.0
1723 1724 1107249.0
1724 1725 1342612.0
1724 1848 325504.794061152
1725 1726 2759331.0
1726 1727 2054507.0
1727 1728 1651141.0
1728 1729 3746256.0
1729 1730 1650924.0
1730 1731 1460516.0
1731 1732 2739080.0
1732 1733 2510606.0
1733 1734 2059814.0
1734 1735 2546653.0
1735 1736 2949227.0
1736 1880 2800390.0
1737 1738 2188506.0
1738 1739 2557865.0
1739 1740 2091011.0
1740 1741 2227755.0
1741 1742 3510194.0
1742 1743 1471586.0
1743 1744 1310188.0
1744 1745 1375289.0
1745 1746 2147974.0
1746 1747 2007010.0
1747 1748 2066493.0
1748 1749 2040174.0
1749 1853 387932.0
1750 1751 2781339.0
1750 1856 803958.8309972709
1751 1752 2709480.0
1752 1753 2362743.0
1753 1754 1645222.0
1754 1755 2174132.0
1755 1845 1316916.0
1756 1757 2069534.0
1757 1758 1977858.0
1758 1759 1778115.0
1759 1760 1525408.0
1760 1761 1192063.0
1761 1762 1098206.0
1762 1763 1532503.0
1763 1764 1130875.0
1764 1881 685339.0
1765 1766 738507.0
1766 1767 1211287.0
1767 1768 1281782.0
1768 1769 1126918.0
1769 1770 1366863.0
1770 1771 1521737.0
1771 1772 1748972.0
1772 1773 1903320.0
1773 1774 2199117.0
1774 1847 1952366.0
1775 1776 2534478.0
1776 1777 1721021.0
1777 1778 1873239.0
1778 1848 1873239.0
1779 1780 1939858.0
1780 1781 894976.0
1781 1782 1946813.0
1782 1783 1937011.0
1783 1784 1064259.0
1784 1785 1255859.0
1785 1786 2286093.0
1786 1787 2397274.0
1787 1788 2063790.0
1788 1789 2437258.0
1789 1790 2068024.0
1790 1791 1600595.0
1791 1846 1060263.0
1792 1793 1824801.0
1793 1794 1721619.0
1794 1795 1617909.0
1795 1796 1854499.0
1796 1797 1358233.0
1797 1798 1402178.0
1798 1799 1551939.0
1799 1800 1415991.0
1800 1801 1423689.0
1801 1802 1156381.0
1802 1803 1151139.0
1803 1804 1238250.0
1804 1805 1211080.0
1805 1806 917833.0
1806 1807 1095672.0
1807 1808 1110291.0
1808 1864 852906.0
1809 1810 1131675.0
1809 1863 86942.7435305165
1810 1811 917294.0
1811 1812 1001663.0
1812 1813 1204810.0
1813 1814 1205704.0
1814 1815 1062866.0
1815 1816 1419305.0
1816 1817 1391713.0
1817 1818 1451034.0
1818 1819 1548537.0
1819 1820 1373053.0
1820 1821 1546797.0
1821 1822 1703510.0
1822 1823 1536704.0
1823 1824 1809523.0
1824 1825 1797071.0
1825 1858 1300035.0
1826 1827 493085.0
1827 1828 734060.0
1828 1829 754411.0
1828 1860 486870.961828291
1829 1882 759388.0
1830 1861 620420.0
1831 1832 1560886.0
1832 1833 1411725.0
1833 1834 1472638.0
1834 1835 1106451.0
1835 1862 433310.0
1836 1837 1547324.0
1837 1838 1519973.0
1838 1839 1656858.0
1839 1840 2024062.0
1840 1883 1341039.0
1841 1884 430280.0
1856 1857 792936.153949481
1860 1861 499384.105304851
1863 1864 104424.156394391
